3
332
315
304
2
298
301
330
312
298
317
324
293
306
332
297
301
328
308
297
317
326
296
308
334
298
303
332
315
304
2
298
301
330
312
298
317
324
293
306
332
297
301
328
308
297
317
326
296
308
334
298
303
332
315
304
2
298
301
330
312
298
317
324
293
306
332
297
301
328
308
297
317
326
296
308
334
298
303
332
315
304
299
327
299
293
315
313
290
306
327
291
298
326
298
294
317
315
290
305
326
289
297
326
297
294
318
314
291
306
327
291
301
331
303
299
322
319
295
311
331
294
301
330
299
293
318
